7.73956048555963338e-01
4.38878439752052318e-01
8.58597919911382457e-01
6.97368029059363903e-01
9.41773478876495318e-02
9.75622351636755925e-01
7.61139701990352968e-01
7.86064305276953812e-01
1.28113632675545874e-01
4.50385937895567134e-01
3.70798024232581236e-01
9.26764988848601812e-01
6.43865120080664544e-01
8.22761613270829972e-01
4.43414198827331130e-01
2.27238721784776887e-01
5.54584787015834801e-01
6.38172561041753239e-02
8.27631171992582071e-01
6.31664399122064846e-01
7.58087740085373829e-01
3.54525968129868363e-01
9.70698024394903269e-01
8.93121121322197675e-01
7.78383497073761865e-01
1.94638707851967574e-01
4.66721003727034178e-01
4.38037657872287767e-02
1.54289492067547829e-01
6.83048953242454626e-01
7.44762155907817136e-01
9.67509732434210012e-01
3.25825358138151944e-01
3.70459706034868885e-01
4.69555811275807922e-01
1.89471359084285695e-01
1.29921505335471643e-01
4.75704926225933744e-01
2.26909349050884113e-01
6.69813994682510350e-01
4.37151918872330736e-01
8.32678196057837439e-01
7.00265102002249118e-01
3.12366641382041066e-01
8.32259801395201060e-01
8.04764357496801863e-01
3.87478379030174458e-01
2.88328103930244106e-01
6.82495503974975493e-01
1.39752483609309808e-01
1.99908202475108321e-01
7.36226975100551240e-03
7.86924377502138395e-01
6.64850856592032136e-01
7.05165378626335104e-01
7.80729031021967890e-01
4.58915775538339954e-01
5.68741195952893741e-01
1.39796998127657446e-01
1.14530073535973442e-01
